52093
2892
82278
89045
14553
213272
104004
164355
6836
6643
200283
190670
126987
102816
178961
40015
157980
24707
150035
76365
137073
195036
63136
56902
81066
116312
1993
214633
2770
180924
183066
100289
11512
209754
42252
184033
30969
171940
156636
211696
39386
107322
100902
208518
96802
20571
209182
83802
146172
5727
49658
100660
21036
89208
171002
67946
167188
177917
104612
79252
129460
5210
174184
76405
173110
59029
184644
204229
166918
146208
179354
206401
151488
15837
115289
205554
89778
89931
81951
179728
51552
155952
92688
25059
48084
66483
52570
80967
173417
67589
166479
60845
213964
135907
129044
109410
179127
42830
7726
156767
42501
62963
165430
46117
66404
13027
119741
89532
24898
147219
206147
191789
29234
214275
6007
31796
112308
137726
212417
124153
146142
144950
77748
196432
113895
197055
60797
44879
101321
173211
34722
110444
174615
13780
102998
9300
193899
63243
147259
14180
176355
52135
66627
105775
76488
66140
85251
15229
190377
146894
113435
193879
147425
13597
32671
5103
89967
37536
161652
105294
160576
70711
25249
25367
80527
80953
156496
3109
82036
105333
177720
17107
198420
25349
201488
42084
155932
184224
22256
180154
121356
174032
87396
200784
34547
175246
92715
53279
178353
128036
138679
130603
106400
65365
162269
177942
97828
94090
192721
25543
21258
167663
214218
115924
150076
120533
82632
19880
199584
41370
180658
208172
68385
27487
61930
195407
59926
8979
162243
173731
186024
209066
67342
100458
52193
176832
128766
159707
70365
17862
204255
176755
113198
66744
138934
113498
168813
204545
110662
175933
44470
94740
162600
161183
180674
53590
46713
378
130516
153006
187062
48055
3215
146178
97199
37658
61933
28215
58477
139588
154541
212761
114972
31783
100849
180151
67264
85518
1133
158727
124576
179014
74691
143033
76235
94501
3203
152825
151777
136489
31431
205640
39465
145968
10335
186481
156850
147697
80156
79815
142516
190159
126001
78317
87206
16010
16244
83251
114095
113836
49180
4209
94356
156064
44730
160894
35809
123508
45365
99557
165191
107585
14570
70753
92362
132821
17869
108223
213620
152268
13501
141901
152609
168054
120638
132486
182956
188189
89466
213544
161404
22317
133725
183453
163884
36991
24468
213220
88973
81635
13421
96836
169557
49061
149742
83081
53182
49714
182382
193829
172642
131755
142476
158585
97260
199932
93659
36891
58641
99905
205182
79354
130437
114510
214679
123538
119231
108447
116137
81796
155560
156753
22435
190211
137347
61744
71499
179276
184720
186743
55081
187189
25275
41427
65648
184489
170943
144880
193322
24126
47619
196590
188992
61372
55258
165605
185062
138348
146950
189607
79386
14226
89726
64806
210553
150759
1581
168171
151036
144458
186943
186759
112621
38050
210527
137897
84409
46796
96045
186523
6794
166156
2108
9119
159950
59881
112388
208258
21974
176026
101029
199068
183589
91612
200736
83290
135770
194638
31643
116022
73684
184619
8149
174349
58301
183736
186913
116152
114849
112599
90846
4568
119068
163862
107092
100488
132629
9890
6957
104576
122692
84848
112296
165893
97309
173708
20354
11356
177583
65215
9167
108751
61409
23484
211030
4218
37239
112602
145138
18563
187514
115589
102812
108777
64390
88691
73915
187172
180161
21941
42197
119268
91124
153381
50109
156206
65004
109196
19783
69866
214416
214629
152847
85888
196554
14728
150985
138774
207654
176422
106904
161645
204646
77998
100470
42846
68635
136848
63054
188395
112368
78979
51079
150210
214533
43563
94957
155258
17021
36217
115809
153676
54095
161207
144762
136846
24969
49608
108803
76404
157251
18105
207875
27568
125761
124973
198038
41588
185658
66912
174215
159836
92139
42164
197059
125821
58942
18495
111998
84468
177437
198056
141991
167132
80908
46126
213571
194133
134522
42609
174709
87784
70368
69641
78880
109918
133226
172625
73353
188775
53750
153794
114686
161331
83037
176427
183556
171073
181438
4246
82302
58224
189712
133228
207189
89376
193811
83807
15977
92280
48058
51448
118571
174838
110991
137992
176548
77030
152397
36055
173404
59700
77104
110191
212455
119234
157705
139651
142094
180914
15490
77375
143742
173236
22888
67074
110318
196538
172219
106495
155750
122614
51338
198457
1070
173584
75933
179289
180344
97610
80460
23338
127304
67488
189044
76386
70252
39607
183667
98706
33097
65824
144509
184466
5524
75833
214483
61655
86696
47960
123707
172290
27381
209780
48499
158600
138912
173906
120617
282
23995
611
191969
54819
75137
116536
116524
141589
65403
147724
93201
69490
126663
28869
99318
15059
135268
125719
54476
108386
149533
3476
11245
28535
67771
5420
45164
159608
123463
144097
130612
45730
6680
187591
124436
191564
112002
153034
8990
128204
161486
118216
7672
95982
206053
103117
76837
117933
198399
101154
157088
74121
3522
155074
145081
135020
51002
136766
178212
130413
133420
209534
208968
133409
28504
194644
132366
100583
3108
65167
52767
175440
130629
115793
91201
161370
92515
134881
74145
191831
98093
35633
173973
174491
71755
179208
117974
19081
75712
112484
98463
18729
175464
111322
111721
151186
95345
15033
126303
1558
201266
184317
81480
202648
11357
194463
100766
73561
40445
85918
72032
107119
115290
5693
124509
122561
22438
19137
167618
96083
175078
69632
157536
79669
50471
14617
10156
188527
184585
69702
40132
199437
148058
128900
57298
76138
180915
16389
157415
197181
39624
29431
97819
146582
23155
48433
119530
193032
98510
172984
90241
130343
42502
89875
204743
207698
46199
156695
114263
149316
21000
124467
56393
113462
6675
89103
128120
37745
17710
18313
54224
178140
205822
98870
207600
130720
145926
159313
100222
161237
4776
169281
134322
122714
27515
99107
103383
40038
126560
22172
70959
119539
134006
178114
194441
156957
19286
90926
52256
173091
175462
67864
74658
3694
27385
66045
206258
123397
114296
62519
5414
156860
108180
136276
115570
211537
156860
105327
60865
111740
42332
19685
149844
86257
173525
161453
211126
109788
92914
178001
10390
44082
17247
176311
162642
1848
151860
40615
146232
144960
27367
196661
99656
112648
68853
163323
63167
158762
67063
145050
35603
91720
85379
19757
62370
82529
17618
198760
154966
45757
39964
172551
108430
44209
210533
26752
166846
214058
3721
51407
71460
159988
57458
195595
4082
106817
194728
35779
49593
76290
167390
126372
84653
68196
62448
102172
77854
41565
9491
173066
174753
182850
121234
55884
163917
163754
9479
199880
83714
176081
164377
163319
207456
60258
15111
147309
207209
244
31381
9980
31614
54553
112624
92982
34662
181781
196274
39148
195269
101963
9888
192726
110043
91132
75060
118157
102695
66542
176833
143055
16744
103962
113086
115576
88923
107470
3999
5370
61744
68882
6546
82180
161348
158463
204486
186666
43067
137695
116448
146733
202585
18722
60896
210879
36989
193375
64362
59947
149850
179551
72826
139083
41512
190658
137039
49066
32202
57867
203640
136973
8753
13745
165450
169871
173726
108702
95790
200818
173908
161816
83132
56908
191884
132546
129236
119091
118856
29078
168853
19538
30370
190596
169594
20375
145014
74591
166594
63938
19154
18761
78213
60293
173083
30355
158485
139790
116127
129396
6072
57861
92675
25435
152594
130212
188790
96350
167993
176304
55718
151626
183000
70090
120703
152589
42091
47535
65717
63826
64845
2224
23577
63607
29319
145780
67242
145212
188397
140809
53736
126942
209809
104408
92386
114069
101300
28570
8984
34668
60013
181997
167489
75567
48084
65745
107312
143086
98812
92324
140047
135452
209323
90569
58138
32656
174019
87113
184431
55909
141632
141437
83932
192259
207334
168431
13823
183861
140514
46875
137056
111776
14110
80333
44088
111072
197146
91155
32689
94099
125779
203290
63961
182385
31502
100403
202622
206388
160761
169634
54242
48674
91630
73979
192203
118563
38369
195748
349
74884
155597
142086
51356
75204
165021
35494
195728
89924
178467
117713
144410
14040
183558
213633
166708
45816
167619
115080
126034
199975
183830
51340
28069
174669
54801
207269
148894
10428
32241
70868
98358
188356
100523
76457
183620
176828
53866
163674
166748
73024
38484
194764
211269
151332
172365
201779
3439
34761
116965
24298
148029
75603
211498
146222
198181
91318
205101
209559
185473
173968
95263
138041
128767
167963
94764
132396
180515
166591
11734
84601
49489
49920
214233
153479
190810
111891
5430
9604
138409
93704
140621
126106
117381
148792
7586
164446
37611
127891
62090
88527
107924
121161
115233
134713
40604
175903
185828
134210
176501
143590
205712
174919
183991
183230
62767
95996
13736
19937
81790
54930
7819
212904
143396
157625
69835
125326
104961
143272
14418
97303
72113
192965
47753
73822
126641
85425
161802
58315
46
143132
18482
105774
71103
184880
93958
119377
193335
29806
171213
176150
47420
65987
88365
174742
1282
87134
99143
71059
82703
142654
140409
205213
161044
205556
139066
192404
56542
45246
36951
198279
13320
108099
58048
24364
177538
167838
149739
37892
126946
58240
26454
83725
139218
155679
5973
106516
78385
152610
190727
1402
157353
9070
194639
37803
134489
136714
174469
135264
63844
148177
192151
105594
40875
15015
39800
195642
156349
105516
24535
56088
146413
179521
4908
25446
109299
36663
95532
155601
207548
108331
90600
157287
196798
32809
163101
200341
99612
5597
18854
129501
56709
69885
105349
15756
28613
90956
126141
63208
193336
51771
185677
177429
68589
9084
212405
137395
19103
28020
206830
68622
136941
118196
102380
138664
86275
44774
54798
162154
177059
71918
129846
55631
201128
12556
150861
560
191908
102468
119648
34227
162633
57848
93826
52404
73312
145681
119498
78081
209615
56230
179923
97776
73044
158589
179994
2183
185484
146712
58647
204038
166158
35235
140074
155848
58614
78512
140733
75529
52238
86460
155470
146212
26477
56204
172690
77536
63816
107741
58308
99986
68763
147425
21913
239
162972
176049
65945
34962
57354
165434
104773
210029
147404
96034
213352
169983
116533
72707
72510
197182
47310
141596
180097
19248
97152
112934
148527
74566
189234
33529
37627
192850
43475
110976
93086
61450
81876
200461
191523
78353
56082
41061
140185
89001
118599
12932
32653
117505
96106
135262
32139
77560
33495
110729
14855
133966
157989
173304
103220
95468
156994
212759
75484
143380
112221
183404
203363
204471
148610
174506
109747
48106
207554
210107
176993
36146
200532
87103
11164
164645
170864
107206
75334
205050
8998
56463
8439
106545
141336
117177
162941
88580
128597
112045
15676
192373
178620
112640
147778
142962
173009
83221
55999
151990
64891
140419
158449
176160
204772
57899
96328
3223
58635
4649
197520
146519
32753
89610
57731
58970
46927
150732
190318
3683
60576
201430
149365
192009
75465
48324
6559
79328
109417
93309
155960
6755
150093
180007
19391
141077
61184
106322
47694
165132
190192
27826
167780
23385
54614
74664
116191
130862
161016
151837
75086
121412
47785
179322
93493
37096
74334
144532
139692
174946
202939
164468
194208
102052
3919
168134
177246
201765
194007
161041
148618
88131
107126
24508
26248
58573
31310
103755
64368
159854
178256
8347
72491
99497
682
87614
15541
69585
7400
35854
29011
116364
31202
8040
57709
127778
90185
57150
175240
208606
70209
189209
54569
173869
139111
81214
34488
47316
27308
53011
190386
74461
133568
115766
74104
142144
158957
123198
207813
59539
173604
195899
182206
32410
117168
7631
57671
133619
124631
25367
67713
114433
213410
57096
121245
31280
34235
89134
207912
4166
25428
35552
95846
60149
109979
86894
155092
25647
52838
70815
53215
184875
15851
128905
140477
62538
108544
27917
196788
91759
100849
178403
110364
122125
1963
141992
185231
194819
70546
42475
58923
128396
176499
109025
161441
7618
55440
206637
38152
199166
114289
146664
104533
32655
154469
76902
141243
51971
109740
155770
36049
73206
83684
93749
36121
1058
185847
16211
165888
10276
54991
177979
67528
1785
154872
189898
37777
129037
208828
152708
120738
99627
52006
46932
19678
15778
192281
146608
31805
44267
123451
167014
31814
200292
133649
190395
3402
67352
55941
38537
13766
93818
130160
177771
9486
95102
8341
178623
150801
54465
147008
98115
186328
156571
183775
198764
16916
201871
50461
64913
72542
87688
184991
24896
100592
151847
28912
172984
93701
95190
212445
167317
197815
172686
17179
109976
43675
48959
156458
12435
47297
152971
23319
14521
105911
5654
114953
153210
183851
192102
142022
49208
48177
119200
7566
34575
2012
107858
80064
33080
3479
64611
154775
63517
18088
136501
29059
72063
211204
134795
124936
212402
82073
83993
134366
7599
161740
80983
6400
207387
198687
10820
183420
31326
150272
182301
127070
213262
151597
116625
117877
112402
7360
17833
155043
66464
156769
79387
32863
8665
44924
204393
119813
9831
98968
136185
83866
146038
112572
71422
161471
75264
102694
51219
127438
174468
121272
52658
59205
135812
43907
76260
90944
136701
165024
87982
179648
208940
101935
186609
164894
57712
171770
90530
50559
211147
33036
125336
58820
115550
84409
50324
117051
189867
158541
11200
129955
169461
146429
26199
95292
202001
76727
3424
8013
30700
149381
36327
20024
38075
200593
44972
146732
172280
70721
207018
13197
181717
181975
8211
143761
65348
83428
88726
10963
12272
111260
144181
43872
140748
99529
124699
87069
75410
185806
200272
19454
123217
97366
48772
26269
198733
125823
84228
15493
129623
168485
66431
35053
96089
63981
84006
143754
168207
112382
107384
72117
30892
160671
165391
30817
183778
32923
149651
64276
106336
63590
178490
77227
31316
206597
20830
50261
135644
14201
96674
26496
157883
119198
199860
175268
26256
201109
129394
184536
107401
143506
68879
171516
106616
50016
94123
97104
158066
178908
5585
30345
203815
81353
2807
161480
5414
160102
51571
42360
58899
148831
22056
51439
174689
189643
47184
186224
140005
71687
106867
188833
166388
34016
60659
93989
211969
115045
185730
205504
122269
56809
32806
126573
19461
29588
155498
198569
159790
171022
188908
142268
98348
21279
91937
83013
194150
207257
158286
22315
110346
35141
62945
74930
69077
58111
5090
79871
10629
187421
59199
31508
208161
104973
128055
21864
34649
176269
105704
179961
93104
156774
169178
120122
54694
127237
8898
97163
86844
173593
9587
76986
59815
73848
140918
164693
115605
152693
84686
186622
170418
131266
93071
23161
152379
166256
176360
127439
184867
83540
37654
202735
185397
194335
90227
120150
95225
153201
29432
99997
33404
79955
136602
4927
143878
92030
131897
169299
208081
46516
125011
189944
165919
107677
47484
73375
144345
960
44481
69669
125797
74047
55967
49155
16205
57760
121172
83251
122952
157675
57780
22719
26355
137792
28651
78657
12629
87336
57380
169196
205429
149466
174089
182426
83182
40359
146821
163755
31317
267
208258
13122
2181
149727
46544
165327
36200
32375
173385
167087
188736
51949
166266
139295
165012
97821
189185
70368
66409
90226
103683
136618
62804
60786
88531
170391
92164
25685
59434
117894
187946
80011
212579
49696
85794
124476
206766
74259
170696
64612
174827
144552
45382
169728
124818
158403
58586
34923
57380
173949
203038
117651
187526
110646
129692
49416
110189
174543
98213
117064
188823
6679
167521
190423
44858
167573
201657
96683
179795
91997
15484
186370
10446
130698
198208
114295
35173
166185
59322
173400
210210
183233
112119
198133
141443
192267
119835
166072
97608
37572
113258
12067
103122
155895
205125
180951
196407
122316
207515
203604
180289
21308
139129
170020
99555
130735
181417
86573
116633
36284
158101
133473
21130
158727
122405
190434
22706
19345
4236
116992
50094
132808
11985
2653
142094
187182
123812
2695
209528
106455
130005
159282
51
2469
58361
123513
135059
51699
34029
60682
55191
112607
12912
127097
20293
55777
75186
86453
40908
144010
171309
62874
169854
95786
127773
9881
83883
213402
143472
152114
2395
99288
140331
185868
161408
92629
108678
129477
84055
105148
58304
22420
154563
160047
201821
55908
123156
142531
4624
204951
54811
164493
193897
20688
31983
29909
171772
123764
56620
69336
107706
112312
208919
171436
56688
137754
34872
54593
145515
120454
50265
201753
209055
92324
143381
129218
20550
82378
60328
121782
31537
58680
125175
148402
113311
38805
5602
104442
7164
152364
134163
27782
75371
178945
199799
16656
127854
77328
88
202704
80826
171733
106289
128918
142213
31687
984
4057
114493
146940
21142
145916
207613
133540
81118
130228
39711
530
109064
163400
73433
36607
12498
40573
96679
103393
211231
164361
118145
110717
34771
79202
150308
151992
108275
8333
38229
205334
58894
56498
174212
118100
204261
53553
55598
80980
184898
177633
58844
91416
128327
89160
213552
89298
182007
129280
203929
53977
98217
179865
197626
210361
150520
57406
179925
139469
85480
8529
122833
78817
125469
154399
186858
54989
150410
150348
174850
103737
193979
126353
199294
119074
45561
170652
188839
54851
191979
1138
30553
47912
175954
187852
8422
34712
162195
3295
203755
144424
45331
172465
174704
5961
116394
93369
95411
58338
174237
103885
105591
2755
142023
64643
57421
7376
59709
20468
199831
120260
14257
174426
50628
82452
8738
189303
127666
134709
193680
36832
146810
196929
98975
38711
150919
118672
162019
49845
14399
211025
133478
108193
141654
93822
189174
110416
131823
5354
20368
31286
124517
49484
175935
70553
166667
213924
116386
183843
59520
65053
65133
130714
45428
94450
9976
164536
44083
26571
127273
183758
128750
107329
209313
146990
3537
185521
127123
28688
52955
110888
121677
193122
110802
182337
82673
76411
57518
130945
65930
200328
95773
132274
70095
202471
33389
32326
1916
207208
189105
14942
98290
120094
8648
192436
172820
130605
138286
180238
21431
72781
24820
114209
91888
116039
152558
166294
171572
194825
166085
99505
141503
121256
209487
52105
640
21540
185189
124532
75860
32451
162628
200699
110254
206062
44247
206480
197650
190912
107640
68761
117065
737
160325
150950
195940
6086
74916
54724
206177
41965
85147
203809
190950
103701
13007
8237
149485
59617
192819
167960
41385
209673
175139
10213
78852
53729
20066
105023
116770
186470
185230
184051
121525
7407
150966
33974
204093
19936
57022
168234
146196
185632
59477
200246
6160
33127
149815
21036
85260
174811
85792
87912
76934
32644
184951
203930
76666
46707
109395
149690
72430
139571
79379
109848
32412
161522
68239
148822
85726
66090
96862
176681
165947
134414
174246
39603
116763
71920
166013
176247
173410
161202
68866
168650
52987
207661
72266
175194
72697
126763
210496
43222
167999
63746
4306
4480
149783
137429
154300
25190
113498
172104
108121
212714
183870
78454
35059
186944
207809
194066
81226
24609
4084
136990
86905
117888
80907
26944
161865
38754
11266
155893
178748
104920
95491
110469
154038
129415
111954
213966
165373
154922
167930
190748
144879
177905
110856
11623
154143
173129
166037
153986
117061
145133
151677
176036
59388
198545
201064
3058
77718
113208
18590
200918
137280
22435
194690
40324
209530
136482
141628
82979
52290
92548
42217
15948
48522
118182
81978
199864
32193
118378
155790
158358
154222
3141
190247
108791
84591
102009
145814
203900
208168
13680
151297
19489
65882
51162
29905
107437
94775
96106
140546
151283
211377
32640
115065
102404
114268
18546
110576
33312
37600
166674
117206
9924
161286
193269
203519
32229
88250
181251
83432
155576
207570
55585
70243
104854
65699
183613
66053
127821
175102
31414
139893
124389
42152
2214
59825
41632
68221
60759
50660
192598
98093
32120
192446
128293
162212
75372
198569
164412
112808
170576
204086
121949
50863
171973
56807
208134
79581
78982
107146
143568
50883
67132
5251
210984
94621
89494
40390
29189
106881
206466
181909
199345
116599
107321
81380
34269
20390
187799
189541
38501
55287
2788
43698
2309
154904
84664
28733
163496
176446
77469
18692
205002
49405
139946
152797
105385
180904
54758
135588
144583
129937
88495
570
135801
70647
30820
31210
141059
177591
210075
61128
27731
73192
68193
16096
170749
112390
17515
183943
28025
79518
94798
53464
78352
34253
167163
182721
100186
208605
46881
29329
97117
160161
180073
48249
38939
124137
105881
152355
188489
181997
176731
145639
63904
90887
40104
155233
34032
108876
22136
108873
183107
148686
160882
56715
170912
48751
109368
127275
13355
48121
31399
98446
160639
54675
29227
93956
79297
25480
46961
78937
197559
150560
93268
112652
135789
82567
6809
201744
64486
202721
164212
191839
12076
36781
138335
141893
23175
170601
189986
11376
81920
84067
89470
56868
166814
114808
77463
120393
98764
151371
198964
154961
184242
113263
98012
171054
77245
104868
91927
131328
52200
84284
96446
63450
184996
112415
7657
73666
90828
127534
64004
42427
109882
167691
39582
194951
139315
79583
102411
29142
173245
176046
18876
67755
168453
174970
173654
173313
33261
34774
132791
167998
39399
121043
69185
148535
209111
188064
135075
106134
110313
116434
124433
126840
285
75519
91328
156913
136089
185181
205187
159421
201023
175057
136002
15825
118518
142479
209821
82114
120098
82766
124773
52369
133218
31428
154716
154689
127573
87570
118937
104368
60761
96895
79428
86670
33512
169669
203081
194499
51641
148066
49924
60978
90041
209606
131439
196059
69456
196051
158614
161430
28111
25900
21279
84914
148207
49272
57169
65024
15778
196364
40370
110258
57404
143126
135202
90091
192217
136005
54898
116477
209594
145024
33309
198087
16889
177803
113109
77479
172367
24110
579
70112
60960
5141
78788
53768
21099
68334
25238
53272
68521
157475
127470
60279
148019
116074
93845
149943
24637
41250
90230
167170
74000
113364
71542
34763
162725
105764
119276
4122
137104
60702
173220
187879
33998
184536
101949
206087
29438
201360
42854
199566
177288
46178
21155
148037
202995
33199
63889
48727
125312
86870
175365
165919
94441
77532
203961
172308
99316
194034
182121
112988
190184
118984
32220
144210
89521
66331
81023
39410
92950
138694
151944
158936
201776
171435
37627
187134
180910
150983
121197
74040
150554
200732
15665
16704
79588
193411
25277
64703
208848
50938
137802
207903
57122
135986
175924
105520
94915
87200
140586
173997
139784
7391
107861
135452
210851
212513
24903
13966
20564
94393
133655
74812
30056
63234
213509
9612
67211
45176
141947
75944
156576
46370
35013
60149
120357
139689
125642
60987
17982
86486
160698
182648
156577
70630
167391
147599
153859
131594
9012
70004
175462
78824
22671
68614
211534
103659
170364
75710
87843
211096
33841
117571
132697
77225
211076
130646
194433
11940
103787
166169
16182
111177
30628
25416
39604
130163
18402
46019
137056
120407
110005
87491
80257
59481
58724
214443
26316
134267
50192
49352
107570
183899
144843
213252
204875
67250
59869
135139
104684
3679
980
158818
147407
132947
205716
32478
188011
108534
72641
34168
27075
9947
107098
203100
84649
3820
214512
112768
147432
131009
53790
183817
55514
163473
4842
210487
119829
63756
177939
40750
60842
168595
193663
169832
152002
67714
132106
24397
97890
58139
41481
110652
19156
49535
176332
88951
148154
23508
189130
8133
118912
111613
54804
41333
203007
20171
155889
104987
148104
41637
158070
34692
30242
187745
141847
104951
183457
5650
56247
21153
120736
52707
21849
211476
205277
174055
45478
72617
60517
61928
161767
118159
129125
187500
101520
85497
80648
179589
75211
78325
6305
103278
208798
78785
10426
380
164960
96190
52946
171708
117411
6498
125624
177998
169423
156250
164042
122221
112408
109861
38253
176902
1093
130035
7209
56488
206768
98590
14479
42761
148619
116913
17924
183667
108606
195784
176494
26242
184257
149321
95759
109940
73645
159959
10859
201539
40411
162615
185950
34355
173605
212424
27487
56360
213396
43597
16165
35408
38280
206241
46357
26907
192315
68109
102560
167602
36877
33459
141032
163655
66849
190622
170859
21140
121064
197032
104356
68340
123971
93508
75962
29055
1061
8181
69846
96273
151260
49907
202779
65898
102956
153991
203654
164444
797
84145
109554
30010
165140
103548
15317
166333
189108
65696
136542
70599
76656
86143
200632
56156
143
49856
205271
71865
96890
5014
93734
209338
128171
30809
57718
62931
59116
151357
176371
103359
63730
169736
42564
54992
194814
199388
194739
4198
131791
105244
181848
34424
47932
81813
910
50674
214408
85998
128564
193749
125859
56014
189131
28681
157781
118199
152839
172812
201936
56137
112945
121707
52615
191188
25906
116795
175975
106559
166449
206391
208802
143035
102030
60565
9750
15864
132784
47495
40186
37207
5370
74364
8163
187013
83005
64536
193796
45148
99727
8001
53719
55696
210629
142194
147996
156119
107531
178878
151645
78991
42415
128844
174461
207175
63414
12989
127992
43487
108656
190937
109444
117551
211078
171860
102014
1999
107767
62703
84293
31307
56524
177128
155395
181261
45949
31463
89230
117446
176177
71427
31922
84948
81347
126625
35003
109621
85351
200640
182192
4166
16164
27759
118064
43071
193084
107718
88536
46623
207073
64964
82539
179927
170258
8330
209082
125359
27927
149808
113666
213218
61616
72921
16035
586
201271
49345
204456
108637
73025
50516
125835
77803
38867
189685
100593
173607
33152
134782
124466
38802
183365
185925
39221
140595
117879
153226
18715
158123
71658
48467
53397
17910
166860
32223
193195
46652
38998
41669
46691
46660
173565
192969
110197
107103
75131
18210
40241
103328
192390
44281
142749
15549
207724
55148
26628
10326
45929
133097
146349
180104
138707
164018
147184
35876
181282
181092
203221
180968
53401
79330
149021
212803
173958
142413
177405
84287
139508
91296
48408
128527
13969
63640
161719
168961
118381
207071
46902
160576
74615
145998
83599
175930
213730
79657
64236
82624
106526
25592
205082
113429
96753
53529
83183
47173
201408
211854
110266
180308
135360
167499
27427
121300
99158
104644
189524
189896
206743
109850
60872
17504
211030
3369
160380
202648
12356
8372
64164
167659
140032
99181
60114
159870
8359
50270
81610
22343
149873
134207
115265
19184
102651
192624
103612
16166
47608
2375
193149
119652
103653
68777
174811
76571
170310
23075
214187
21513
158812
58034
207374
190982
208697
95537
28285
148981
182304
184770
175424
84233
98947
210654
131262
26413
40295
138918
53968
158878
97312
5225
200892
128975
19137
169099
71342
108139
84829
21801
58848
146314
31758
108969
73517
155665
199802
57413
83049
169468
57147
117987
29344
135643
207088
115570
207223
15663
182880
199401
194740
27679
70467
11175
139112
96932
64853
137719
90881
147330
127317
66140
78341
68519
127353
37224
69173
163553
61436
53786
121250
107646
180797
183413
140491
78247
207653
157148
4823
101121
32909
126386
95327
148575
21267
100087
50571
188003
183889
184079
164260
129158
85294
99154
34226
152964
114349
94381
135252
71182
1327
195158
183584
211285
209082
118193
54313
171047
181492
58707
138502
159197
84936
103693
87345
209792
34502
57905
198550
59017
202796
124838
76433
214524
97307
139205
162249
49655
42601
26858
6346
156226
187300
178980
144359
22655
16043
136742
202936
122951
141285
110069
95067
78735
20518
181125
126096
165375
195022
30510
188038
130598
26189
142473
105575
161289
29881
131206
148846
64495
145604
120750
77499
84494
188485
130417
199340
32394
69799
171092
70721
198339
171866
193338
81197
177859
207061
78577
157001
113070
63767
140106
54106
121623
144723
124452
19686
164337
140018
84339
148587
7520
128055
21129
145886
133421
13339
4021
160715
36838
26611
151791
170487
447
12129
68847
63649
95696
121474
14220
196371
169918
95808
69910
89905
70489
170425
20207
112892
90753
144055
67889
62122
207014
159063
193590
25525
154883
158265
103295
66989
176438
164745
129601
14807
195594
197687
161497
84143
74721
4099
182255
205771
101002
181551
189178
179242
46775
175768
59356
106692
38111
162029
1778
42016
82653
169595
34750
154184
8517
131070
12008
181916
98777
149064
65052
50320
50384
65763
192748
50685
184664
118977
131022
58871
101469
88525
78144
181705
207424
173005
18553
17457
60511
176318
79217
181510
147019
59235
210841
57983
1197
148024
207882
147892
137214
188588
129371
14113
126831
70813
20200
200271
206773
188350
209280
12232
77526
109844
175615
68728
205042
89237
6585
93233
173685
49522
172668
146894
109835
31971
38633
136307
207171
2832
139452
10000
150291
81203
61481
158786
40760
13887
184718
163027
27222
112735
22696
67522
122969
2687
72155
26429
96373
110494
158338
35099
7089
190837
141281
39127
49962
57120
101678
158557
68703
3616
6108
8758
104901
211625
119590
132324
43559
29087
106082
84927
161637
69946
57376
102930
147037
148039
32913
193886
56811
67175
87108
99612
15962
60416
90421
163088
193484
174349
42416
148595
138401
180062
75515
30292
172737
15211
112555
210557
4414
99601
35243
65506
164601
62372
115642
137341
185028
9989
170335
25767
145284
106852
151108
64383
189517
68354
145177
33726
116075
104361
156802
201267
207439
202888
173103
150915
39605
148338
114961
70920
103239
194475
72347
31759
132452
40440
9112
40811
19583
146991
20729
78154
145772
142977
198141
53661
168788
1393
8354
176674
48904
100049
45605
53232
35664
50708
135942
77459
61224
144327
133039
31913
139801
85854
69087
5164
35770
106579
63929
80464
102335
28330
59189
75980
103379
181851
80635
183542
160912
126619
144131
60396
191595
211326
33693
207716
139684
50221
112904
63330
102663
175778
12248
129271
58997
75863
73789
13043
172461
101373
193815
155948
15221
59476
185414
44604
201282
23669
91716
17653
138575
89845
132841
148916
160240
2525
146124
55433
89887
194391
172601
86068
1462
104559
42476
81979
7145
46321
58025
54274
154102
132329
134951
164444
9575
88841
7892
143750
88535
22766
168654
104145
181619
44435
143275
51639
105003
208579
35302
190182
88884
94443
115065
96992
210545
7994
142053
138431
27168
62808
129149
152855
8573
5001
91695
94847
19059
149798
161896
133883
38314
141829
20420
39391
192801
75211
64869
201397
22488
4153
6951
13165
77862
166910
192
20449
103497
21316
69084
171941
175023
1974
108583
28390
202602
82568
25527
188075
102383
199826
41531
94871
213057
147667
207929
72053
36626
114795
74250
17732
168298
142275
1571
214644
188311
205432
193706
31852
191723
209620
147566
27357
15233
47869
94756
205339
129448
18876
78826
48068
211962
201231
31105
94284
9625
64478
66084
1197
148571
154148
55922
150376
5912
164103
76283
47596
21706
186671
122569
166040
202037
45198
92769
110289
136376
68651
199743
145713
21149
49778
182871
43088
50432
12005
122969
7543
74875
14355
105012
145831
66660
16179
58665
80739
211670
25705
177501
198615
75656
40588
133956
207749
57660
156465
127927
21997
138137
36443
50223
152814
169913
17618
198548
31751
1461
85079
144919
196723
59752
95223
114510
1209
145068
122592
115481
209739
1897
112815
74300
10530
40165
104078
120984
149803
30966
116924
208615
252
156763
192631
12854
2689
105898
1555
158232
178934
22580
44459
117633
97834
191519
2463
172629
126377
164224
180948
143704
173435
149170
128262
69687
209821
90794
204425
18661
109296
211880
116939
28302
12180
61475
60745
42092
72887
90627
182084
124671
58275
191160
196964
28329
39906
47409
90524
161887
201213
158042
1379
209319
22226
118036
208918
154624
105544
69026
61228
211214
92098
209082
118176
201335
51636
55542
203088
97788
58170
130324
148153
12843
30473
207554
206156
124307
158958
139015
186795
59902
35390
168513
101654
190654
73327
191987
142464
163266
173481
71510
144622
141802
491
97222
2625
101007
45466
80652
39978
188675
97982
94953
80110
163569
116712
80441
134623
31947
62663
59030
201078
27382
18493
77701
50086
202733
151973
2781
149703
82532
64720
58425
120424
189628
212156
28926
199778
83656
56295
191767
90765
137571
176341
26367
127793
127328
49188
140119
52102
161300
204270
208708
64715
179963
130261
164810
152527
85143
144477
73483
22293
170427
62136
214512
109215
132210
55922
142615
125848
81344
66338
193818
203486
132546
123157
168015
113605
42494
164752
24826
210677
93169
166351
66717
117738
132784
37389
53776
154288
34739
175425
93721
212938
80097
148441
127571
45579
45901
95055
79037
170626
191890
8783
85892
53403
124201
105184
30459
182811
103695
128519
83678
210420
60253
140950
72363
95209
87866
163052
22660
104586
66681
159897
38394
193598
154705
181927
68215
169393
71849
52318
142464
177061
100932
73332
58783
131813
47092
127762
28737
29045
36724
34493
119345
94951
48135
54816
32691
119362
156808
96689
57547
187613
69196
127810
205963
99932
25237
45022
128865
100239
17197
198927
175797
128525
191149
6908
151891
124637
129965
122312
135312
18195
7493
105131
207737
65514
91671
124671
58238
213959
63107
8937
99847
86686
83011
175841
213127
37087
122273
117587
176579
169450
171089
14307
155949
32656
182530
110169
52436
185674
127306
100488
134170
143066
198100
14848
25531
38800
142343
62587
79013
198058
164538
76814
176557
1355
14390
51859
156754
36205
123445
67426
1728
63334
164805
63718
173563
157184
174067
32259
165624
86925
23277
173343
109164
134675
39425
117290
118948
73584
3139
159548
179821
108898
165723
32779
94701
140102
197737
145252
212668
55371
124294
155960
1314
195658
202679
94451
19198
110385
45458
158271
190372
61148
157485
92447
58856
73958
62786
193603
21220
178404
126827
210738
35062
29902
68213
131518
28029
145533
211029
196454
48262
41028
12313
143730
196468
80664
18441
71119
19005
86473
163614
19494
160099
211220
185200
109390
65954
185026
189315
107968
210930
35724
192259
197534
169109
27860
100341
19018
100344
68947
12957
18976
38613
1006
171874
120066
179207
89642
162426
24405
12567
129103
19802
168787
192383
133300
125815
160946
57600
1140
48358
157719
150782
174859
37652
175076
31341
195025
89106
173746
6893
107406
12972
61138
196401
16886
129035
177434
153923
131086
72609
146661
60108
74141
120136
68250
118991
153072
5953
208985
1131
115592
142329
47890
19794
41855
164815
8585
204431
122276
174717
11759
69831
49817
191245
126026
62849
175971
33595
69813
186236
127589
137864
171790
200597
105537
167290
170861
52716
164105
101939
31348
89404
35115
56401
39763
16509
17260
191475
128984
170567
45226
132314
90580
40875
22602
203347
153213
16053
86470
106519
133268
16561
38641
48659
53015
33171
31847
108096
10822
7117
15628
36830
101076
137927
146988
182863
123153
97537
133876
138362
157315
11654
31466
142789
56177
149291
29283
180862
207868
118023
208644
64760
79237
98387
37759
47477
156518
158312
18323
14432
111382
44165
120942
94023
129522
189609
112161
39654
102479
94059
101868
134243
91144
69568
142276
25523
116938
1791
38579
79008
115038
69923
102478
73066
93598
77103
91402
113470
138154
104056
181539
196910
199863
9333
108616
158370
136788
118317
204169
6890
57463
60880
153962
143289
78900
2080
182199
123015
137100
862
114935
65066
81394
46083
139988
211130
179895
57643
84543
154906
112753
112711
41465
51818
107285
118525
45373
20631
157304
50227
206364
182155
38401
93430
38133
104024
71242
142258
141335
99491
125973
38155
47994
45550
207335
181529
29710
61943
196452
15754
211990
29892
98450
28126
57346
31978
156728
29510
122982
13895
115816
45912
62235
173401
10361
200948
206862
183835
137483
207984
130685
195217
89584
48851
58694
146530
212170
44604
191680
136329
140420
174805
203165
108349
183116
72868
198816
23890
157427
178756
24384
84769
81049
48013
156848
108910
159812
109960
200983
146714
95915
143675
121579
58433
50035
199012
94545
109915
80282
49818
3934
202131
118014
60738
124896
179059
186958
13022
33459
142053
130034
206957
61908
39801
1432
25733
212254
175850
145346
77963
154870
160995
25892
97958
121572
153099
26007
93987
173009
76934
38204
212224
105662
122759
131323
177468
68857
4673
163732
71669
29290
81667
125737
146524
116844
139035
100914
196849
34727
190454
143778
140774
111487
91836
97706
183278
8713
208613
188233
184506
27197
128388
34682
74974
166362
29494
77024
39961
118743
69285
107691
63651
124870
171495
185413
35093
121322
30000
198855
32729
119240
41423
198247
119203
68521
166108
65110
177218
166429
78557
49465
78688
95085
158425
201342
177944
125948
42279
199732
170574
177734
40134
21691
134302
1506
195017
162788
96185
174073
132849
66114
82315
68459
198932
46308
53131
50872
93643
198367
202291
18144
4062
210061
39933
70498
95193
38102
16986
92063
45517
72402
109504
43593
174943
148919
2108
213393
285
74405
46327
164144
117827
136931
168693
118494
182274
94845
200128
174335
38405
157506
11971
201285
79032
88770
102461
8436
65271
75838
83783
49137
153473
85712
42963
110226
157769
138218
103187
184872
175825
168308
102370
189712
133398
53712
157266
48569
42895
40646
38917
169463
182216
205325
117653
210002
122423
67410
162849
44962
204866
125626
640
23646
145857
75885
8991
152140
24300
189297
28111
25329
80797
105141
160867
19023
176113
66062
55721
204787
84267
26355
142967
29692
187919
52090
171157
95033
137064
38884
53610
156786
140099
143958
156817
28178
79654
19913
100974
144416
128396
175536
29321
169634
49166
210998
107076
47479
201425
63427
22318
158930
113061
123729
117743
5196
155435
202383
67495
101081
8652
36554
196664
147014
185718
2531
31203
16448
75653
190791
10000
150456
57732
72072
147557
86113
112241
101046
61825
149853
26815
147938
46650
1551
86024
123531
7234
47547
57757
67013
153327
203289
41313
81089
78378
33718
194349
104375
176609
18868
157521
51514
158096
44856
136790
148801
168177
43254
56624
132209
42662
206693
132208
18876
66180
114571
174500
11481
129740
212628
17422
112124
60467
80793
47718
135082
16566
124486
167974
64405
134702
64529
60499
203637
87249
106364
103197
130199
187326
193585
148437
50124
204218
197675
181367
97441
33337
16673
205030
90534
128856
172363
168229
55552
165018
208462
2911
177390
53134
104666
121558
125255
205463
78481
52741
157884
130770
122050
34101
199377
8358
29320
163530
103874
134004
146315
45202
145641
92194
100347
115005
155023
149597
6017
205742
33908
165305
95176
183853
17282
129832
31092
80644
108733
182240
171788
171465
117460
187251
2770
169855
116951
10814
82428
36877
28250
4537
30319
204984
180814
51777
65966
163636
167061
187402
181526
194550
58803
46119
98289
99652
31387
100624
52228
120316
95211
136500
14656
12182
95753
213902
164616
109274
45059
111776
11917
154032
30141
210195
141044
146616
162994
111611
22311
37026
177732
2347
158251
75362
37817
150822
192985
159727
192234
214219
130457
22785
60236
71398
199904
57868
212052
211411
181547
130549
58081
146405
57398
48123
69701
15693
51050
92870
79172
64084
100720
164644
151284
18035
117853
146201
65194
83409
208202
155089
183614
80189
206062
45472
183083
162492
52602
190815
202173
180529
192374
204796
20194
104246
146646
26327
98333
200493
74487
142678
120482
85725
45288
87584
149393
12899
121509
161823
196109
50491
146735
16983
46279
212830
191677
90554
19474
31664
32442
12039
60194
6904
78680
170582
93923
165316
62113
47797
165659
30599
175216
17723
16403
172524
90348
7557
108457
64681
42472
15176
171972
36713
65156
75881
160377
157592
170190
165680
173098
76584
170555
62229
58969
35735
170031
66657
185955
125637
190860
91362
71718
196848
22555
62322
123647
23896
46991
155739
162751
110633
123696
198745
119074
52786
59187
48668
213103
55904
66753
83124
142276
24610
25665
153470
28481
16171
137621
167585
183322
103571
192760
25214
82149
67475
186976
97685
46847
103684
161183
182271
45193
9144
154487
158192
155417
121003
31193
74423
137212
167416
133340
151500
209357
13069
185798
66905
65289
167557
139184
17457
58620
180611
67194
185505
69035
203313
12158
117510
171179
34313
113428
74144
172429
211432
98374
32857
117585
143728
161374
157854
62522
55356
80705
67840
90894
153894
76723
141993
205198
123721
197511
206450
117932
178891
152885
90307
170311
40175
56445
135018
9872
138322
140966
111938
159225
130248
149730
95323
83986
21869
118871
66769
135404
54711
200271
213422
51660
32038
102410
212214
153339
198916
195176
53984
13022
35409
52682
23126
214292
64054
38224
124216
129472
208782
13448
115799
190275
137648
183254
29220
195072
21346
138044
189678
209306
19191
3135
83925
63261
9797
173736
62447
79971
188956
86511
157754
103823
124954
94302
94596
93202
86937
17953
15737
152366
156083
138556
205210
117746
60280
159616
32481
24422
82493
44810
2249
6017
202935
105181
195179
106832
28958
89901
8604
94640
204124
122232
85932
80447
18537
174277
126922
88814
208624
147881
160250
162629
208336
47486
92371
67053
183787
187030
141678
56374
9248
169575
136768
209287
130878
1737
205731
65828
205650
202002
93659
27407
1144
125496
170244
207018
4447
12983
35665
65638
17867
86495
101838
52280
136142
9864
1349
126651
42672
144526
30537
206473
86275
58926
172518
204419
141435
50473
51752
80471
209915
157669
175382
19349
81496
44102
140516
65788
178874
74558
54899
129666
32862
195482
39233
117452
53983
211970
124154
171731
72542
97297
185321
195755
122669
115403
198492
163121
108645
210629
134982
55944
91171
92989
156498
32703
107242
40590
158720
9702
76733
103002
83362
53061
171504
120783
211981
102375
66750
34976
79021
114532
152586
214497
83721
73259
112623
63768
165695
196446
141171
133611
206312
160048
4195
78883
146139
84021
183427
152593
117206
8529
123412
160537
57573
204714
144917
171151
199887
195086
36823
204465
45420
169013
131229
103479
140966
116227
91458
195699
37016
14146
37567
34294
3499
187979
207618
204456
103759
132583
100628
125259
58363
163515
77269
86547
105280
145082
151311
50096
154458
112871
154643
213176
210278
44836
8868
23832
41236
68563
3323
26187
108896
135225
57539
48706
211979
70114
95131
68442
124273
14218
169426
209900
124901
52963
20251
209287
123333
114881
9818
91503
78491
7056
54299
151163
138247
160626
54103
65264
175507
186027
37967
103397
63054
181595
69012
40510
115840
26462
19355
184756
162250
62216
66959
111507
210591
135252
80132
95542
108903
35827
208179
199991
13521
44567
10708
18213
90610
115348
135675
105657
35662
12941
181976
32964
205725
184573
83244
1940
189397
199771
179883
74918
77582
187691
91869
8223
125303
157650
62207
133298
100819
111557
194534
206275
195599
80191
11726
158524
145853
13425
150978
31755
64061
140153
204153
171557
156072
171212
162565
188
160944
30594
97952
34117
30949
42555
124134
56358
175448
45375
56415
65187
177554
17377
213777
8344
13312
190323
82501
188590
172909
118567
117355
142038
92202
15098
140369
186307
31767
59363
210953
213163
209393
195542
188648
64220
33385
183753
41063
167239
167121
114062
204310
22821
28604
155631
67691
168342
24205
83519
120466
25415
28152
66063
83972
208798
77795
123006
204061
133837
139161
60041
19392
149340
198572
10923
203183
183115
62064
86094
17230
113822
43936
138276
213018
136368
151673
112623
76407
200949
14345
151692
6829
114631
111840
17654
145234
122640
70196
185815
122400
113399
15293
197598
169850
34029
51317
70534
62601
99126
2747
11577
27301
153741
77955
17540
171159
130931
33044
33317
119788
22659
86253
106583
129219
47921
102324
67345
146993
56118
5068
151283
637
186748
140555
76755
39076
65288
153829
53144
63784
4014
42572
183451
129579
76120
97433
104161
21954
43849
179280
30750
144015
45474
7814
124405
88899
124587
138265
41219
209132
104336
164628
90529
31498
45779
179074
6978
34502
69136
184699
49303
138410
114247
94748
75394
134681
151786
80200
170103
201557
136475
8675
205757
70626
97415
23945
19085
153446
59707
206214
24581
179222
128787
81773
188127
124994
118355
202450
114649
196589
183176
7195
23042
82259
204945
177487
185300
71327
69752
20215
25153
129217
2019
10298
209733
105385
183674
6284
186606
113534
130025
55153
114285
86206
173829
111113
33663
140668
55376
204672
83628
16117
84828
893
202711
204252
116016
189621
105240
105193
183249
176107
173324
5005
156002
73125
12797
122170
106070
94452
42847
82085
71762
86546
97558
55718
149925
158038
140402
87646
118134
130847
131469
63335
182375
84341
194617
98875
77151
32116
123623
55089
101580
18624
137236
130112
20468
206806
94882
177914
45157
47200
13866
59237
36526
144864
129452
93526
160945
40764
84027
70153
93644
208889
107392
199589
134732
136117
19202
187824
175078
54165
41085
114935
59670
2401
207426
198920
57456
163156
44702
120062
107498
48567
21406
74543
2485
104913
190399
73866
7602
2927
18518
70981
64588
204363
49621
117250
95029
78048
77991
198504
148038
13660
29525
172998
102123
119599
61499
38279
190268
17336
183033
189984
192700
105114
143543
51851
26363
72037
205801
167093
84397
47736
214547
62945
67378
69231
72131
66284
139314
57095
107650
29312
14596
84642
88902
184371
123375
177995
132648
117952
78131
181591
9346
99992
170699
125605
68813
126758
134135
196152
131018
211902
58709
178068
58495
21562
121464
60187
106328
137003
91041
51810
189039
207607
34819
23866
184900
213346
68822
60813
97544
39988
141343
14362
9429
208592
51317
61631
115072
4338
116618
211711
64493
111794
89464
182239
156499
42775
172947
114183
92200
197404
124494
89771
177045
58078
88724
191210
182414
97075
107694
119926
184948
157107
181627
173694
209462
71851
75872
7294
188439
213234
116296
164877
192641
178119
54711
197582
114539
58421
66353
10587
140338
95059
159499
7433
159505
98207
21193
150488
170148
98625
167067
72795
56119
29605
5290
18267
150945
112401
202418
211810
10742
164186
178039
9416
210090
99069
122944
19286
96118
121025
187016
126125
7304
153025
72589
30201
140476
48709
45640
2020
30727
175763
187567
160557
175027
68260
76449
44261
22471
155549
186655
67744
193530
81768
103339
164006
166181
206347
105717
185201
117291
143079
206634
213854
8922
66433
69383
51176
62759
167241
208950
52316
98065
212763
138342
38857
34707
79237
94846
5521
34503
75810
42225
158553
202765
32364
199315
35487
85674
41411
8365
145783
116176
85663
70061
54607
165001
126235
146244
135811
31152
24661
28927
202017
128395
156430
175011
14736
63190
104063
79582
89742
129677
11557
110614
18997
172048
34812
114360
58482
19757
67908
172082
172138
38168
40730
146801
42544
142323
168916
4071
133083
129176
173463
195827
37240
129175
165352
23735
133601
33497
136428
88797
125587
205054
75342
125751
172611
53998
24069
159036
171355
197206
31171
126513
93202
72515
76845
48107
7028
10985
162441
57066
45132
51162
30822
68703
394
186939
117120
55014
144023
174403
92697
175917
198478
147683
47672
6763
78414
213125
213320
53563
20614
85006
192210
27483
213072
185186
84961
91820
38527
64122
99373
72656
73252
3253
130335
109702
153779
77776
15480
124416
65004
104201
34750
143091
191182
132117
207242
125273
70725
42878
170895
188558
56158
41344
160954
185701
146884
151878
126453
147790
142695
186602
44049
94210
57121
120211
44137
81564
118507
183130
108175
53573
177530
34006
101951
17233
158867
117865
133603
58869
70812
6751
78856
130798
162933
165593
203055
195419
50688
18883
194881
36760
9821
138720
169248
1885
122333
57268
17855
90070
59548
98169
17070
209083
141810
133555
120794
171110
154317
98664
174433
172339
205289
152752
203606
214646
213607
157167
111179
62590
122937
113996
162281
154671
34604
61350
114033
148606
99259
92929
3893
159223
98012
172326
200533
103414
134480
196783
213713
1128
75098
112279
91049
179217
50219
82421
127569
13815
60363
55330
72843
5695
168340
202872
115037
48513
175517
146896
148567
93889
22452
48752
125778
199208
170200
103931
18365
80728
19685
148111
168836
167279
189739
150347
164136
199644
197431
148990
115298
148105
65011
6891
78332
126317
14652
155892
158525
177361
307
7736
99191
18405
103188
192432
102160
106620
104151
58079
107289
183996
57085
150624
96292
39002
110823
101200
75992
91602
29922
173480
42202
197031
89058
13161
12378
172214
22835
36246
172838
2457
79319
187597
14700
108358
106877
135616
187179
82875
31492
149649
33169
213413
118715
28888
194044
139416
55896
143627
175270
72053
45028
19748
132448
187814
18709
51431
39375
138348
145948
104454
6206
152636
190813
172250
202266
21186
31505
151642
29223
21588
132108
56841
142013
102192
209446
11600
188406
81591
134347
118547
335
50159
149111
213227
200521
116638
126215
12924
118350
118037
10408
137038
32234
171585
189443
121805
209154
35328
195888
201928
136907
184603
157384
105461
175490
122436
71993
94420
151165
170982
152358
37966
92885
112689
114746
99812
156674
203949
184501
169936
184967
54003
103986
77824
178457
157215
48810
21138
87081
76228
193689
187092
119510
64348
34066
36419
66767
103602
63725
79173
89341
47007
744
64135
109528
14485
143301
60677
183565
114752
212903
138354
25906
109356
135978
40169
169566
200423
184459
95904
176067
153788
20324
148966
146343
79144
36716
118555
122826
180198
207412
187514
116561
109006
52915
85816
75691
193832
13610
47834
157946
96420
47156
138940
2622
46389
134908
100805
92949
116323
201774
135992
65786
143103
177907
151949
32866
57533
172211
200172
57801
168787
197173
108109
13108
193776
140627
8373
64927
107133
149656
147963
33555
32625
85294
94204
167631
97629
173483
94485
170727
168593
160973
81789
39578
122461
62792
76758
94071
75589
188564
158578
209121
125033
117065
211884
184918
94641
5408
66175
25624
94106
32856
99475
75080
22357
167481
155512
208851
100947
117806
963
86044
26282
203968
65267
13235
186963
94870
196398
190067
87680
41965
81969
45334
8486
37687
128360
211857
157781
116916
74814
59669
212662
163210
98802
144246
58246
126085
204001
200099
108395
100856
85162
36476
174175
124356
129149
158030
9615
114262
131157
178668
56712
117666
210099
38026
21011
99501
81196
155849
74159
205858
53465
87356
173395
119427
180307
107507
200951
50749
174991
95151
192340
55654
158523
142310
167688
190488
67301
48312
18613
167635
161502
165344
99782
71860
15282
16000
56792
162994
118297
77570
208389
72554
77095
162469
106175
150311
202598
22977
67657
28666
124056
29065
166749
91883
35374
119027
106714
190238
159701
177650
119615
117432
157549
83743
12976
131899
197250
123246
147902
84283
72246
60742
193364
90242
154663
118049
5911
133319
23427
119090
99914
151297
24546
22332
183536
46708
128185
62174
1026
76966
151902
102053
23567
98715
182876
120170
204531
82204
138216
72785
101754
144757
56159
53717
28067
135532
57177
201786
121627
6586
100185
182337
88952
167717
44952
27199
155780
207097
43952
183510
38178
205189
197405
148197
106398
27121
131696
6335
187217
68645
103325
132865
114323
83973
13032
204020
81454
202899
149553
123066
129168
40461
143672
74355
69434
50390
166497
160293
42222
110427
105478
31763
201918
195029
154964
25189
91622
151520
116953
43038
76847
84302
178355
164792
52756
202069
153588
83987
37381
139011
117691
208573
149544
198830
46307
34767
11815
148673
152981
199105
158144
2027
150813
41537
187625
64334
7333
204382
148997
19355
178850
114192
19889
132122
80568
119842
67653
180931
85326
213950
116078
158974
197365
123816
73733
146755
142995
79567
46071
160667
95840
181839
85113
63039
155274
70922
149220
110896
40221
192887
13498
101734
19122
122614
60615
2733
203230
119624
49122
105138
112974
169172
19506
131740
112587
105793
173735
41608
93493
27811
128820
204789
130677
59199
41984
181325
37966
77862
180389
200566
10718
183825
191664
80396
21150
66582
207525
159484
175849
142323
156028
83150
137032
144377
117806
200328
93479
14360
198673
190138
199329
58249
170300
67549
137652
45908
209887
119375
165909
151434
178161
121851
112751
71140
158363
21315
53090
18699
101956
106201
148734
110936
57310
66108
200633
72627
15245
35287
156157
97404
53946
13011
66724
17090
126105
99606
117944
161800
17602
135041
189663
160045
158697
56645
54145
132849
60077
193182
39615
97727
110750
160205
54251
204870
191347
112766
117043
59122
32352
629
63155
163248
87798
91743
42882
24618
156236
133645
128612
147479
56262
60483
140833
26718
16489
115773
191541
157479
194666
62922
117178
178550
842
194445
1186
189479
79407
157865
30311
67402
34069
83630
44534
93616
167278
171880
210361
150789
67294
157774
7189
137612
15717
21286
211608
58344
57948
49491
77886
140630
49746
79043
50486
61673
176113
58957
53524
2129
145662
24827
26899
60274
67411
183965
182567
81443
14012
148294
24337
160580
130925
155029
40803
93042
177980
81499
103497
14651
138047
15023
173644
11667
24373
118810
121541
63338
27240
194681
101238
69139
17267
88677
43198
195242
93896
152268
15943
168617
129960
43208
144431
164203
44621
57286
93262
22155
210478
175215
3297
18801
95112
177519
63135
38300
111079
107785
143800
71228
122970
32788
38178
3090
187396
80692
63640
157307
107394
18744
1644
151270
210427
183682
141729
50729
53770
64920
193908
3240
135927
34200
140910
40342
68818
211410
169305
104511
94767
187731
126857
69874
139927
47777
52120
27789
201764
186736
154068
202600
62260
160583
192561
130398
108230
109424
361
57929
160880
15888
103062
13428
210514
131198
22685
89392
35329
212629
40417
47703
101702
134718
116726
92044
159254
173246
196627
164951
150899
205146
118023
206990
186483
183254
31444
200332
164334
93833
157693
141231
70737
32775
21464
191831
89952
214079
141292
23901
130918
42135
142858
143487
180554
187133
166309
7367
133344
10969
118558
179590
85119
167501
69307
47986
136399
28191
80866
195265
47345
99330
212879
163014
18780
178853
159197
88370
46076
23280
214564
129735
129549
7886
41970
160395
34126
182679
35777
24766
59925
209949
87771
76572
183065
74674
61456
170946
195441
204334
212011
170438
32694
178084
113597
116951
9649
48995
115370
61635
174683
86430
75723
83480
104947
121333
213685
176608
2937
190444
184046
41144
23243
26382
162563
177057
32381
66511
85782
139774
51964
194692
69806
60139
152150
180705
140984
1413
137562
34915
131538
144748
120317
99712
191948
124404
69102
42208
79190
161499
109212
78511
134878
15904
153397
99976
120883
177607
47213
20841
29092
191342
37780
183625
40427
3514
12856
45318
175575
38791
201599
202172
168781
95922
58508
27834
95014
33965
60285
41560
139960
181143
211500
180517
204316
118505
152690
19609
155880
162242
145631
147309
1752
30501
28422
99730
61096
141822
126076
42335
66989
177986
196163
110811
104308
126579
124975
17206
134481
210440
187098
11618
73160
169525
147387
25576
147863
74388
195101
86375
12568
146469
58449
97875
27416
151310
19573
185002
209882
37596
87377
99085
178565
38477
87821
50323
115543
192144
206221
138080
153102
82189
103690
38729
24666
111908
76435
21359
142034
28298
159026
6031
15515
58418
2200
54101
42596
164738
3710
77840
10684
41032
76209
101560
111243
72228
178393
154945
135445
103397
54255
52677
156230
33329
108005
187236
174282
762
137192
37024
145691
80431
188345
138474
107693
99727
8610
186150
169325
2613
112503
204523
162594
53635
158541
13955
42001
48584
87924
70330
68257
10043
3556
82196
214527
150938
4090
26062
162550
171996
24203
47944
64553
47351
189784
48000
146443
38419
178842
194513
65650
7464
34718
50704
64948
15674
163355
178639
214455
20104
94353
102067
34839
142041
140727
178096
105336
3043
43724
14186
54650
37522
133335
78137
75256
190813
168993
4647
157956
60720
43644
170333
199300
209455
169276
48633
53439
74384
138121
188245
165633
14308
185655
17711
37375
33092
194368
207926
22850
86287
40534
77984
69083
161817
92638
52126
128255
159421
200424
212111
136970
170562
190429
153330
49214
151727
156709
136309
11657
71218
171086
180105
147771
31581
142782
143285
12428
148212
141291
206183
149075
36120
197706
43688
44274
23742
31075
14095
33986
202175
211746
16898
121743
13225
22355
135464
199564
148423
39741
71448
178667
43107
160960
75864
86813
74529
212327
118526
67827
94687
133060
171723
157035
30699
149227
14535
124029
210773
197461
13995
76272
74451
179112
208791
167345
12859
85593
184169
161269
122811
138029
151382
166819
194919
23490
104863
3961
11865
132310
22167
202867
40933
127408
90851
73245
96970
66082
184765
86498
156309
82283
172326
192566
213126
12239
196434
145701
29788
76928
151201
120047
83799
93202
75204
175728
41345
187462
102807
19568
115345
84548
24157
140051
198266
14609
89132
184846
170681
41010
139831
160793
61035
187221
142863
12526
84637
13644
184569
17049
84449
78669
213634
171799
137720
109320
169035
72768
34056
76057
111734
154516
214350
189618
59563
147613
164815
18345
170058
79349
41856
179122
176345
90208
12448
56067
11663
175233
87470
159098
134750
9846
131212
35311
136895
211770
200120
29353
71859
204341
111543
179767
62649
43731
122418
191862
191267
67310
209518
142843
90343
137032
144372
33063
143030
12744
100624
57609
159830
191471
50112
212373
35228
17769
154808
187614
84933
39401
148546
173201
89585
69688
16925
145410
71367
97906
117805
191981
46953
156947
57678
35068
123884
139088
118291
199415
205315
159442
119327
210877
18785
46104
72685
137347
63532
62095
171559
185523
157611
49191
199101
92290
207079
175865
194412
97718
176476
147092
213787
176684
3949
15233
51548
81058
209644
126256
67728
143606
43915
4700
196900
40285
198662
10148
60858
211758
7106
44143
185502
23995
214126
74129
137646
150471
105551
177504
27612
3834
18110
79332
178899
72628
44210
18588
178088
178230
206540
129537
16669
136175
124872
206415
176957
80572
201593
95475
51755
128505
70325
200642
8044
124070
50045
159021
130553
128339
76431
179651
37700
127431
48091
181208
3053
213959
57025
1366
199563
117861
64837
87086
158481
77586
42023
191978
199339
4555
114484
204044
53372
35878
206234
140290
142364
206707
152702
8051
25406
89449
138405
24459
63984
139147
34609
146605
196892
113295
203754
125331
202253
27197
117689
170068
35572
1706
116202
99748
150336
193307
197936
52935
198035
209776
187517
166933
177521
105982
129433
197426
70518
8068
102473
199302
27869
34435
16123
187818
80905
199046
24461
96855
56696
62288
206580
167177
200003
10181
176041
133342
182601
17537
115394
39918
36353
30874
73201
8528
99059
164284
117463
24237
188453
16830
54612
34079
35766
54128
57209
95305
198259
114241
214175
39820
101213
78292
102991
112067
172478
176758
159931
182651
1836
161938
195829
71216
136989
71204
155250
109915
89321
137914
142538
120614
165732
181534
126173
164982
27200
180180
135287
17767
115352
191670
172863
196060
96219
111814
214266
63655
196794
177531
51015
136829
173110
59940
32920
105034
78522
94635
109750
98636
139608
54203
30152
175086
202236
172226
25705
174619
72491
105050
129714
199280
97153
126054
102136
129358
22359
201260
79591
27553
90285
22445
138773
193997
203037
96414
163583
147400
21659
39363
159951
76668
69316
205243
21441
21228
93374
173648
76385
51347
139027
173216
120893
126322
97408
110613
212311
64371
199164
78898
191502
151505
76500
51450
157736
8425
83251
121677
192640
164201
212675
161574
96985
91601
23184
101541
209333
40613
118295
54526
97877
50097
173311
211520
74091
144141
6289
58836
159076
201113
184642
165245
162839
89204
95643
91280
203387
187663
57928
145395
46459
18917
111425
127930
73005
146799
7651
173243
142696
211219
180195
169620
24583
323
64582
94985
189698
108925
204135
86843
154251
66095
183062
28522
55515
187665
81061
35040
79027
203689
113198
75154
185125
124027
187122
197514
40174
49502
52855
137521
206248
170717
183
85930
46465
112481
48862
30926
84353
179463
105985
167613
13587
89009
41364
75271
5134
180887
199743
139915
62946
84490
109222
33001
177307
161485
105086
99326
141342
211458
107915
182243
7866
135871
173412
195549
91681
72092
47424
128475
211837
47156
132688
148528
78215
96578
123542
194273
115041
120868
139723
53422
8300
128750
110914
116994
83887
68119
55065
135701
103026
56915
97839
57241
195255
92575
64028
27335
83641
25416
36807
156174
162872
4396
24381
45656
49394
166757
5263
203582
27058
148119
85085
20881
58747
173665
152114
10000
144061
164830
55268
112392
47600
82240
100023
44592
209377
132800
99533
179945
39531
183330
33010
112625
106945
209885
89228
81447
88585
4770
69036
11620
105654
202080
120179
141894
45164
151033
100743
122976
123531
7409
193561
182945
2505
26151
154274
18258
210353
2534
78398
169484
108520
52140
146751
63034
70588
115047
2038
109995
138406
43310
134385
111078
81828
42954
163871
38652
20502
122859
98212
104356
69162
193115
198950
136074
141407
16317
9216
62297
134056
165182
164264
201621
139354
82718
184644
208678
205686
164953
189426
42092
62360
129031
105605
11762
118146
117848
59432
86371
161585
51359
117687
139395
129066
45272
37839
99301
149230
72136
137574
18703
166821
13729
112614
141686
190188
175810
123306
95150
179632
150741
130211
173739
113339
72289
130792
70619
198975
121896
19938
99376
115033
200768
182051
2436
151175
118759
117065
207674
77081
139452
22893
155955
134552
127014
128179
177322
202704
92643
137843
33494
79328
117827
139499
166489
25064
143061
109520
107708
149462
103965
149970
57228
199390
7783
27577
65135
156479
147282
186704
32851
18882
182451
68225
126437
100844
94840
125979
134792
82298
1487
92506
192398
183319
55789
59762
55427
206005
159267
184900
209689
20240
18468
92672
189988
43592
149850
179161
176599
74565
168894
61380
180304
67459
140303
144461
21372
142882
115139
60139
160999
83307
197253
171697
141751
211034
64945
192580
11993
133663
6929
65820
76091
46967
181305
133907
23636
192532
66889
214413
167067
69553
112728
123522
61962
80974
71000
166289
88593
133906
5890
212395
187879
23986
61999
71690
167682
95058
128373
205036
200185
55162
53569
123831
112962
189988
44782
177499
172411
117392
117344
173855
127434
102183
54973
89315
41268
181744
212346
2838
28107
166955
120622
79209
55363
211395
120854
115428
191606
172847
152166
21011
89688
70642
160256
61677
28068
160262
153173
196785
31012
36034
49819
13649
49319
203648
60257
209642
89745
169323
192994
105019
40034
53156
40878
57549
2606
3204
168995
49784
67513
175939
152724
169673
63559
87095
81409
88206
77579
145636
19169
60541
51515
178735
105853
101003
196823
35393
4343
208641
15971
205842
212870
4542
111872
120823
16972
69032
165751
68416
112496
91336
74044
2005
202965
183691
83576
1408
56924
23847
91218
21337
197780
4622
158954
70663
77207
121567
69274
144723
133620
135357
127192
126375
137012
24540
142464
172514
141795
92145
134244
102741
200723
72853
172821
137111
177538
169114
114774
146219
151738
137769
67261
20774
194691
66767
98724
123283
129286
88765
27568
125393
166468
95481
160907
40483
77207
109195
15660
142409
107073
199860
179039
62934
110559
174683
83536
181364
50760
148857
30026
203438
174282
1854
29724
67832
172016
144577
43062
48065
163971
1515
126803
30747
87858
29988
213837
150849
13371
106700
159362
61237
138092
127157
174310
34857
21811
11863
111726
34346
9942
21999
170281
178220
39870
84904
207154
145273
140198
93536
118233
85431
32655
161958
105331
136372
211956
112062
87509
171514
77754
71826
91933
11480
112589
138942
27662
214216
84162
192785
28324
174932
184108
8307
30814
140839
134410
105677
151556
76834
70184
200855
155442
103348
91899
82876
39636
27698
175632
131495
73625
45255
189365
91832
28061
40929
57388
91754
14548
134950
148572
172167
102442
117017
46299
120628
175376
126050
45035
130142
88755
64200
129651
212590
17091
145119
118288
152950
99296
59640
153354
21245
159302
132979
95456
174190
166654
212755
2977
213878
204733
49113
179442
179075
30114
195390
211485
136963
65149
179676
31824
148798
117124
130903
213977
141570
184911
184307
126353
191825
118
64877
118857
56209
43121
177746
28025
74957
96181
115131
126357
49224
112353
36888
5946
77513
99168
66988
162393
108632
2109
27874
123480
16886
128886
25637
100478
169771
197961
42000
19957
198918
21914
27949
90712
104097
15420
192467
53082
84814
199818
115506
207915
52816
131260
196969
114468
163326
108391
33951
30129
7128
186103
38846
58864
211270
171396
21636
76438
81881
72402
102956
157147
209660
170198
74874
199437
153653
105127
145370
43128
91178
212912
73991
184434
120742
156702
28759
176025
84066
67879
113900
58158
153550
92939
174143
26794
1874
147075
141015
83807
22486
188026
146716
127031
206083
181051
154757
190187
158290
91115
2834
186295
29262
37749
89326
9012
75352
79522
151009
113878
125597
153151
38369
202046
187629
129246
61547
201966
145861
134512
101905
104993
44176
86120
18082
37644
45990
82920
137736
169984
133444
187216
51196
183787
198480
177530
43287
177470
114426
87147
105128
153494
11704
4447
22804
159209
66045
209578
77684
183126
26873
51648
37545
89522
84268
31905
755
31577
72542
94485
171852
168331
53590
46772
130048
11586
164335
111225
190556
142063
94695
48961
191042
152680
66778
76470
184690
126872
113871
5499
89644
190946
38305
198692
93473
133028
65371
42079
59293
121672
118802
196489
210824
188150
83447
191689
63744
195255
95731
70034
33089
157718
140708
80906
16542
143102
158725
100243
92235
149026
70747
204211
74937
193909
23252
183266
32605
172504
181967
100393
31074
6565
186610
178157
50129
60444
135238
64791
169687
82228
108474
129245
42888
130557
203781
148736
148748
129714
196791
138500
114998
46120
123286
177288
56718
208731
19397
30117
29622
83873
52332
159809
58472
59219
153362
150291
74028
161378
12946
45610
146314
26499
198790
11443
130697
193642
30936
39540
133455
160558
192275
34069
81134
187639
77745
146781
137660
177206
180584
42790
210353
3119
30112
158887
24821
138683
189227
142819
123185
199904
60691
208505
86200
81093
141063
26177
153912
163210
94930
130703
76572
184088
97547
96597
24473
78456
63920
136886
47734
181195
12292
17554
186652
22082
60680
20480
187782
116696
19470
183125
20542
158410
173856
146421
98402
70719
168888
185468
91964
97032
31766
30576
664
211454
46300
144595
117149
111425
120386
186149
165634
33325
46084
162499
171860
89203
91974
59714
98930
137576
51296
147993
111228
27146
132030
34602
33269
171293
8220
72114
205671
139166
154618
211466
25364
18232
199469
46702
31641
78245
164982
25528
205929
172375
155876
93146
6043
213795
95044
117711
107641
88731
102462
22736
91792
9283
125728
2678
133020
140601
210684
207683
21868
102929
144955
153340
205786
136438
35636
4805
25201
75263
91500
42270
56261
43498
71923
209815
205847
84484
19412
64516
64350
69477
115802
34240
167947
36436
133096
128644
47162
21355
73718
110659
139800
59308
146533
51106
169164
94013
179819
65494
173588
138554
172084
201540
64381
160883
66358
91947
28937
168597
16817
49615
25564
170316
124963
17433
87192
5975
147254
152354
177823
23340
161404
18135
76598
195041
137786
139021
73762
203126
85662
62424
117376
63943
103429
168937
146432
80386
75928
88440
149506
207113
107468
195083
208939
78293
113151
143405
93917
77984
69297
98530
84451
105505
55550
118150
194984
43710
195090
107426
127027
146003
163589
20871
111532
