mi 1
1
mi 2
2 1
mi 3
3 2 1
mi 4
4 3 2 1
mi 5
5 4 3 2 1
mi 6
6 5 4 3 2 1
mi 7
7 6 5 4 3 2 1
mi 8
8 7 6 5 4 3 2 1
mi 9
9 8 7 6 5 4 3 2 1
mi 10
10 9 8 7 6 5 4 3 2 1
mi 11
11 10 9 8 7 6 5 4 3 2 1
mi 12
12 11 10 9 8 7 6 5 4 3 2 1
mi 13
13 12 11 10 9 8 7 6 5 4 3 2 1
mi 14
14 13 12 11 10 9 8 7 6 5 4 3 2 1
mi 15
15 14 13 12 11 10 9 8 7 6 5 4 3 2 1
mi 16
16 15 14 13 12 11 10 9 8 7 6 5 4 3 2 1
mi 17
17 16 15 14 13 12 11 10 9 8 7 6 5 4 3 2 1
mi 18
18 17 16 15 14 13 12 11 10 9 8 7 6 5 4 3 2 1
mi 19
19 18 17 16 15 14 13 12 11 10 9 8 7 6 5 4 3 2 1
mi 20
20 19 18 17 16 15 14 13 12 11 10 9 8 7 6 5 4 3 2 1
ha
