520932930
28925691
822784415
890459872
145532761
2132723841
1040043610
1643550337
68362598
66433441
2002830094
1906706780
1269870926
1028169396
1789614810
400151788
1579802159
247074805
1500357984
763654014
1370738826
1950367213
631361083
569022154
810662187
1163120341
19932546
2146335337
27706653
1809249219
1830665860
1002898451
115120654
2097549478
422527594
1840335376
309696691
1719408956
1566369460
2116969294
393860762
1073226880
1009021007
2085187937
968021766
205711490
2091824407
838023412
1461728458
57271926
496586426
1006609540
210367714
892086236
1710028745
679469414
1671889999
1779175845
1046126087
792526220
1294600846
52107318
1741849297
764058775
1731106012
590294128
1846443803
2042297871
1669187896
1462087311
1793547003
2064010129
1514888112
158379552
1152891831
2055540383
897787792
899316322
819516268
1797288065
515529753
1559526673
926881476
250591794
480849991
664835076
525706991
809673979
1734177661
675891343
1664792818
608455363
2139642574
1359072203
1290446329
1094100450
1791277536
428300259
77268269
1567674295
