52093
2892
82278
89045
14553
213272
104004
164355
6836
6643
200283
190670
126987
102816
178961
40015
157980
24707
150035
76365
137073
195036
63136
56902
81066
116312
1993
214633
2770
180924
183066
100289
11512
209754
42252
184033
30969
171940
156636
211696
39386
107322
100902
208518
96802
20571
209182
83802
146172
5727
49658
100660
21036
89208
171002
67946
167188
177917
104612
79252
129460
5210
174184
76405
173110
59029
184644
204229
166918
146208
179354
206401
151488
15837
115289
205554
89778
89931
81951
179728
51552
155952
92688
25059
48084
66483
52570
80967
173417
67589
166479
60845
213964
135907
129044
109410
179127
42830
7726
156767
42501
62963
165430
46117
66404
13027
119741
89532
24898
147219
206147
191789
29234
214275
6007
31796
112308
137726
212417
124153
146142
144950
77748
196432
113895
197055
60797
44879
101321
173211
34722
110444
174615
13780
102998
9300
193899
63243
147259
14180
176355
52135
66627
105775
76488
66140
85251
15229
190377
146894
113435
193879
147425
13597
32671
5103
89967
37536
161652
105294
160576
70711
25249
25367
80527
80953
156496
3109
82036
105333
177720
17107
198420
25349
201488
42084
155932
184224
22256
180154
121356
174032
87396
200784
34547
175246
92715
53279
178353
128036
138679
130603
106400
65365
162269
177942
97828
94090
192721
25543
21258
167663
214218
115924
150076
120533
82632
19880
199584
41370
180658
208172
68385
27487
61930
195407
59926
8979
162243
173731
186024
209066
67342
100458
52193
176832
128766
159707
70365
17862
204255
176755
113198
66744
138934
113498
168813
204545
110662
175933
44470
94740
162600
161183
180674
53590
46713
378
130516
153006
187062
48055
3215
146178
97199
37658
61933
28215
58477
139588
154541
212761
114972
31783
100849
180151
67264
85518
1133
158727
124576
179014
74691
143033
76235
94501
3203
152825
151777
136489
31431
205640
39465
145968
10335
186481
156850
147697
80156
79815
142516
190159
126001
78317
87206
16010
16244
83251
114095
113836
49180
4209
94356
156064
44730
160894
35809
123508
45365
99557
165191
107585
14570
70753
92362
132821
17869
108223
213620
152268
13501
141901
152609
168054
120638
132486
182956
188189
89466
213544
161404
22317
133725
183453
163884
36991
24468
213220
88973
81635
13421
96836
169557
49061
149742
83081
53182
49714
182382
193829
172642
131755
142476
158585
97260
199932
93659
36891
58641
99905
205182
79354
130437
114510
214679
123538
119231
108447
116137
81796
155560
156753
22435
190211
137347
61744
71499
179276
184720
186743
55081
187189
25275
41427
65648
184489
170943
144880
193322
24126
47619
196590
188992
61372
55258
165605
185062
138348
146950
189607
79386
14226
89726
64806
210553
150759
1581
168171
151036
144458
186943
186759
112621
38050
210527
137897
84409
46796
96045
186523
6794
166156
2108
9119
159950
59881
112388
208258
21974
176026
101029
199068
183589
91612
200736
83290
135770
194638
31643
116022
73684
184619
8149
174349
58301
183736
186913
116152
114849
112599
90846
4568
119068
163862
107092
100488
132629
9890
6957
104576
122692
84848
112296
165893
97309
173708
20354
11356
177583
65215
9167
108751
61409
23484
211030
4218
37239
112602
145138
18563
187514
115589
102812
108777
64390
88691
73915
187172
180161
21941
42197
119268
91124
153381
50109
156206
65004
109196
19783
69866
214416
214629
152847
85888
196554
14728
150985
138774
207654
176422
106904
161645
204646
77998
100470
42846
68635
136848
63054
188395
112368
78979
51079
150210
214533
43563
94957
155258
17021
36217
115809
153676
54095
161207
144762
136846
24969
49608
108803
76404
157251
18105
207875
27568
125761
124973
198038
41588
185658
66912
174215
159836
92139
42164
197059
125821
58942
18495
111998
84468
177437
198056
141991
167132
80908
46126
213571
194133
134522
42609
174709
87784
70368
69641
78880
109918
133226
172625
73353
188775
53750
153794
114686
161331
83037
176427
183556
171073
181438
4246
82302
58224
189712
133228
207189
89376
193811
83807
15977
92280
48058
51448
118571
174838
110991
137992
176548
77030
152397
36055
173404
59700
77104
110191
212455
119234
157705
139651
142094
180914
15490
77375
143742
173236
22888
67074
110318
196538
172219
106495
155750
122614
51338
198457
1070
173584
75933
179289
180344
97610
80460
23338
127304
67488
189044
76386
70252
39607
183667
98706
33097
65824
144509
184466
5524
75833
214483
61655
86696
47960
123707
172290
27381
209780
48499
158600
138912
173906
120617
282
23995
611
191969
54819
75137
116536
116524
141589
65403
147724
93201
69490
126663
28869
99318
15059
135268
125719
54476
108386
149533
3476
11245
28535
67771
5420
45164
159608
123463
144097
130612
45730
6680
187591
124436
191564
112002
153034
8990
128204
161486
118216
7672
95982
206053
103117
76837
117933
198399
101154
157088
74121
3522
155074
145081
135020
51002
136766
178212
130413
133420
209534
208968
133409
28504
194644
132366
100583
3108
65167
52767
175440
130629
115793
91201
161370
92515
134881
74145
191831
98093
35633
173973
174491
71755
179208
117974
19081
75712
112484
98463
18729
175464
111322
111721
151186
95345
15033
126303
1558
201266
184317
81480
202648
11357
194463
100766
73561
40445
85918
72032
107119
115290
5693
124509
122561
22438
19137
167618
96083
175078
69632
157536
79669
50471
14617
10156
188527
184585
69702
40132
199437
148058
128900
57298
76138
180915
16389
157415
197181
39624
29431
97819
146582
23155
48433
119530
193032
98510
172984
90241
130343
42502
89875
204743
207698
46199
156695
114263
149316
21000
124467
56393
113462
6675
89103
128120
37745
17710
18313
54224
178140
205822
98870
207600
130720
145926
159313
100222
161237
4776
169281
134322
122714
27515
99107
103383
40038
126560
22172
70959
119539
134006
178114
194441
156957
19286
90926
52256
173091
175462
67864
74658
3694
27385
66045
206258
123397
114296
62519
5414
156860
108180
136276
115570
211537
156860
105327
60865
111740
42332
19685
149844
86257
173525
161453
211126
109788
92914
178001
10390
44082
17247
176311
162642
1848
151860
40615
146232
144960
27367
196661
99656
112648
68853
163323
63167
158762
67063
145050
35603
91720
85379
19757
62370
82529
17618
198760
154966
45757
39964
172551
108430
44209
210533
26752
166846
214058
3721
51407
71460
159988
57458
195595
4082
106817
194728
35779
49593
76290
167390
126372
84653
68196
62448
102172
77854
41565
9491
173066
174753
182850
121234
55884
163917
163754
9479
199880
83714
176081
164377
163319
207456
60258
15111
147309
207209
244
31381
9980
31614
54553
112624
92982
34662
181781
196274
39148
195269
101963
9888
192726
110043
91132
75060
118157
102695
66542
176833
143055
